x<-1+1

x<-2+2

a<-1

s<-10

add <- a+10

add